--------2009---------

**CO2**

$fitted
           [,1]
 [1,] -9373.600
 [2,] 41147.904
 [3,] 39418.683
 [4,] 37426.974
 [5,] 30438.982
 [6,] 41314.872
 [7,] 32625.548
 [8,] 31089.348
 [9,] 18970.872
[10,] 41673.127
[11,] 41855.405
[12,] 36437.757
[13,] 39142.332
[14,] 40305.567
[15,] 49728.427
[16,] 49487.000
[17,] 32099.019
[18,] 28152.971
[19,] 38250.408
[20,] 27567.792
[21,] -7719.737
[22,] 38104.942
[23,] 30142.954
[24,]  6272.546
[25,] 13236.660
[26,] 33016.490
[27,] 13676.820
[28,]  5181.405
[29,] 16638.152
[30,] 25106.934

$resid
     residuals
1    9373.5996
2  -41147.9036
3   31200.8795
4   16370.9696
5   16797.3236
6   10316.3069
7  -15719.9668
8   -5757.9559
9  -10880.2268
10  10624.0408
11 -10870.7788
12 -13785.8560
13 -26016.9440
14 -28469.0957
15  43481.9531
16   4160.7324
17  -4826.7131
18  -4312.9954
19   5940.1746
20 -16542.1069
21   7719.7368
22 -28748.8674
23   -230.2867
24  -6272.5456
25   3715.9249
26  -8256.1846
27   -649.5634
28  -5181.4049
29 -16638.1524
30  -7067.8384

**Capital**

$fitted
            [,1]
 [1,]  2720.3978
 [2,] 10996.1771
 [3,]  6721.8056
 [4,]  5672.8698
 [5,]  6244.1528
 [6,]  8584.3632
 [7,]  5768.6769
 [8,]  5263.3580
 [9,]  7947.6627
[10,]  9032.6126
[11,]  9107.2319
[12,]  5223.1873
[13,]  7508.4074
[14,]  6222.7338
[15,]  9643.8835
[16,]  7828.6194
[17,]  5345.4331
[18,]  4272.5301
[19,]  8425.6597
[20,]  3848.1938
[21,]  -747.8686
[22,]  6365.5550
[23,]  4581.3173
[24,]  -836.2317
[25,]  1072.8843
[26,]  5638.6431
[27,]  1645.1832
[28,]   697.6731
[29,]  2141.9914
[30,]  4405.3716

$resid
      residuals
1   -2720.39779
2  -10996.17709
3    1552.74740
4   -2958.16370
5     450.60293
6   -7142.08921
7   -2571.02048
8   -2704.65740
9    5178.62802
10   7504.22866
11  -1948.81409
12  -3810.18898
13  -5262.87711
14    366.90834
15   7343.50035
16   2881.17277
17  -1317.35600
18   -884.43349
19   5566.16917
20  -1494.52342
21    747.86860
22  -4027.82447
23  -1121.41045
24    836.23173
25    -26.23621
26   -900.57760
27   1324.42262
28   -697.67310
29  -2141.99141
30  -2301.59046

**Labour**

$fitted
           [,1]
 [1,] -722.3717
 [2,] 2164.3261
 [3,] 3116.6462
 [4,] 2681.9233
 [5,] 1533.2996
 [6,] 3083.4624
 [7,] 2618.2923
 [8,] 2714.0966
 [9,]  794.0145
[10,] 2625.4649
[11,] 2895.8603
[12,] 3335.6106
[13,] 3156.6650
[14,] 3516.3145
[15,] 3616.5335
[16,] 3912.3649
[17,] 2898.6852
[18,] 2815.2063
[19,] 2903.1404
[20,] 2871.1951
[21,]  503.2550
[22,] 2916.1044
[23,] 2726.8387
[24,] 1079.4967
[25,] 1414.4853
[26,] 2457.9466
[27,] 1152.1064
[28,] -944.9563
[29,]  782.6363
[30,] 2338.4727

$resid
      residuals
1    722.371692
2  -2164.326059
3    293.917644
4  -1394.449730
5   -814.923800
6  -1791.716632
7  -1677.544631
8  -1256.576422
9   -477.907572
10  1383.352374
11   -46.594305
12    -2.925948
13 -1564.132573
14 -1330.238163
15  2144.497092
16  1697.681852
17   339.636985
18   764.475558
19  2131.000181
20  -286.325081
21  -503.254984
22 -1785.351940
23  1640.825813
24 -1079.496682
25   731.955382
26  -747.712667
27   126.217728
28   944.956285
29  -782.636309
30 -1721.465559

--------2009 END---------

