--------2007---------

**CO2**

$fitted
            [,1]
 [1,]   1118.703
 [2,]  34241.047
 [3,]  40388.568
 [4,]  41863.020
 [5,]  37313.490
 [6,]  17442.523
 [7,]  15094.389
 [8,]  18986.892
 [9,]  14266.324
[10,]  46586.022
[11,]  43458.105
[12,]  22373.141
[13,]  28385.639
[14,]  29056.633
[15,]  47921.621
[16,]  46805.879
[17,]  18228.544
[18,]  18902.501
[19,]  23081.528
[20,]  19654.154
[21,] -13084.966
[22,]  21667.088
[23,]  24593.195
[24,]  23434.902
[25,]  26127.057
[26,]  31669.889
[27,]  28171.527
[28,]  30859.132
[29,]  26779.782
[30,]  26989.385

$resid
     residuals
1   -1118.7030
2  -34241.0474
3   22758.2977
4   13923.8502
5   -1460.3196
6   26186.1620
7     884.2683
8    3123.1802
9   -8987.3108
10   3230.5151
11 -13020.4143
12  -4536.5567
13 -17239.9885
14 -17528.9049
15  35458.9408
16   4823.5177
17   7599.6669
18   4118.1928
19  17269.8222
20  -9123.7079
21  13259.2679
22 -14431.2675
23  -2502.8047
24  -4687.2344
25 -11487.2829
26 -11036.8020
27 -14775.3585
28 -30859.1315
29 -26779.7821
30 -13381.3820

**Capital**

$fitted
            [,1]
 [1,]   947.9279
 [2,]  6922.9896
 [3,]  6116.2030
 [4,]  4445.7911
 [5,]  2750.7059
 [6,]  2769.3385
 [7,]   574.5113
 [8,]  1588.2401
 [9,] 11973.8129
[10,]  8329.4307
[11,]  7272.2321
[12,]  2513.0326
[13,]  3513.4988
[14,]  3977.8956
[15,]  8226.1858
[16,]  7292.2502
[17,]  2028.8274
[18,]  1814.5805
[19,]  4555.4135
[20,]  2025.0966
[21,] -1689.9485
[22,]  2655.1440
[23,]  2950.8560
[24,]  1316.5396
[25,]  2381.6175
[26,]  4501.1198
[27,]  4348.1052
[28,]  4517.7725
[29,]  1673.6727
[30,]  4312.6548

$resid
    residuals
1   -947.9279
2  -6922.9896
3   -153.2844
4  -2593.2023
5   1465.8305
6  -1825.5771
7   1375.2062
8    224.1618
9  -1276.6517
10  4479.6006
11 -1274.4751
12 -1483.6825
13 -1869.4136
14   986.9430
15  4348.4658
16  -153.8316
17   997.2323
18   620.9747
19  6243.3592
20  -470.6196
21  1709.7337
22  -136.8915
23 -1336.7904
24 -1280.2101
25 -2151.3581
26 -1132.1465
27 -2024.5156
28 -4517.7725
29 -1673.6727
30 -2641.1844

**Labour**

$fitted
           [,1]
 [1,]  111.0548
 [2,] 1608.4415
 [3,] 3366.2267
 [4,] 2863.3727
 [5,] 2394.0450
 [6,] 1098.2802
 [7,] 1089.7675
 [8,] 1128.6119
 [9,] 1830.3314
[10,] 3337.4517
[11,] 2848.9855
[12,] 2478.2727
[13,] 2129.0615
[14,] 2629.7215
[15,] 3590.0286
[16,] 4070.0540
[17,] 1964.9392
[18,] 2240.3765
[19,] 1441.1401
[20,] 2478.5304
[21,]  465.3765
[22,] 1784.6121
[23,] 2744.5686
[24,] 3069.6157
[25,] 2949.4501
[26,] 2722.2640
[27,] 3053.5210
[28,] 2619.6457
[29,] 2081.8421
[30,] 2673.3802

$resid
     residuals
1   -111.05479
2  -1608.44152
3    -81.45101
4  -1634.73530
5  -1650.66831
6    547.79196
7   -168.25666
8    314.04942
9  -1607.98359
10   694.56103
11  -191.34997
12  1092.42456
13  -645.34907
14  -495.18509
15  2005.04798
16  1369.08308
17  1276.41907
18  1334.88984
19  3245.84486
20    37.52187
21  -376.40799
22  -624.62532
23  1720.32784
24 -1356.63869
25  -591.67729
26 -1016.62301
27 -1856.10096
28 -2619.64571
29 -2081.84211
30 -2094.00617

--------2007 END---------

