--------2013---------

**CO2**

$fitted
             [,1]
 [1,]  32686.3458
 [2,] -21183.6003
 [3,] -19269.3281
 [4,]  -6076.8198
 [5,] -25695.0042
 [6,] -13920.1345
 [7,] -11852.7328
 [8,]  13437.6289
 [9,]  14056.1035
[10,] -23970.1804
[11,] -20463.0233
[12,] -17051.8692
[13,] -21553.2427
[14,] -15820.2638
[15,] -26075.7229
[16,] -26184.7266
[17,]  -9758.2927
[18,] -12537.4679
[19,]  -1782.2570
[20,] -13788.0849
[21,]  26304.9888
[22,]   6837.2004
[23,] -17725.8261
[24,]  -1665.9411
[25,]  -1463.7982
[26,] -20277.8494
[27,]    505.5345
[28,]  25591.1680
[29,]   3307.6183
[30,]  -7127.6442

$resid
    residuals
1  -32686.346
2   21183.600
3  -70032.896
4  -69363.841
5  -39591.297
6  -47111.448
7   -7195.134
8  -43567.175
9  -25344.874
10 -46081.817
11 -13213.418
12 -11811.212
13   6090.832
14   -842.219
15 -83667.873
16 -32309.115
17 -19555.018
18 -13266.930
19 -51470.374
20  -4924.620
21 -26304.989
22 -14936.758
23 -14850.302
24   1665.941
25 -20494.139
26 -18849.751
27 -18224.369
28 -25591.168
29 -16766.006
30 -30101.489

**Capital**

$fitted
             [,1]
 [1,] 11342.66123
 [2,] -1131.71313
 [3,] -3460.79713
 [4,]   212.32812
 [5,] -3568.27350
 [6,]  -891.82409
 [7,]  -711.61864
 [8,]  4791.50189
 [9,]  7097.05879
[10,] -3330.36826
[11,] -2791.00292
[12,] -2979.99181
[13,] -3255.80069
[14,] -2705.08770
[15,] -4782.68061
[16,] -5746.92416
[17,] -1010.72692
[18,] -2139.97082
[19,]  1982.85373
[20,] -2883.93407
[21,]  6829.41178
[22,]  3706.93058
[23,] -3434.40592
[24,]  -245.45797
[25,]    51.62853
[26,] -3219.68539
[27,]   786.11610
[28,] 10298.57170
[29,]  2971.69113
[30,]  -927.48407

$resid
     residuals
1  -11342.6612
2    1131.7131
3  -11254.5188
4   -5409.9572
5  -10634.2320
6   -1952.9649
7   -4998.6468
8   -9512.4113
9  -21210.9687
10 -24520.4573
11  -7941.9616
12    396.2830
13   -730.9956
14  -8621.6635
15 -23870.7576
16 -15681.3121
17  -6244.4415
18  -4120.8004
19 -26526.0932
20  -2843.3006
21  -6829.4118
22  -5831.4014
23  -4306.3766
24    245.4580
25  -4398.0251
26  -5942.1131
27  -6130.1796
28 -10298.5717
29  -3030.0670
30  -2915.6550

**Labour**

$fitted
              [,1]
 [1,]  3126.831126
 [2,]     3.410491
 [3,] -1176.404994
 [4,]  -128.393562
 [5,]   -41.568189
 [6,]  -811.776041
 [7,]  -132.317479
 [8,]   756.697613
 [9,]  1478.003450
[10,]  -404.669604
[11,]  -688.171427
[12,] -1096.632597
[13,] -1108.299463
[14,] -1304.300002
[15,] -1141.775793
[16,] -1597.456605
[17,]  -551.189556
[18,]  -700.935637
[19,]   -14.284672
[20,] -1260.760580
[21,]   819.932311
[22,]   747.710380
[23,] -1382.363768
[24,]   151.254074
[25,]   -37.018807
[26,] -1140.499270
[27,]  -131.899772
[28,]  3006.072604
[29,]  1023.635659
[30,]  -414.896147

$resid
      residuals
1  -3126.831126
2     -3.410491
3  -2601.221723
4  -1331.778149
5   -805.030213
6   -699.005424
7   -824.158804
8  -2248.954423
9  -2005.679300
10 -3579.934132
11 -2045.425293
12 -2420.605157
13  -577.659386
14  -869.632333
15 -4887.955451
16 -4317.634545
17 -2520.736308
18 -2795.561424
19 -5269.987595
20 -1087.895231
21  -819.932311
22 -1792.356074
23 -2963.691428
24  -151.254074
25 -2507.466593
26  -528.441495
27 -1089.123400
28 -3006.072604
29 -1044.357679
30  -351.719063

--------2013 END---------

