--------2012---------

**CO2**

$fitted
           [,1]
 [1,] 14270.096
 [2,] 53472.138
 [3,] 46403.898
 [4,] 49463.320
 [5,] 52094.586
 [6,] 44251.637
 [7,] 43069.759
 [8,] 24610.719
 [9,] 16680.220
[10,] 41124.517
[11,] 47691.866
[12,] 40492.964
[13,] 39977.777
[14,] 37863.913
[15,] 45162.955
[16,] 45918.373
[17,] 33144.019
[18,] 28005.042
[19,] 38180.964
[20,] 28612.072
[21,] -4698.085
[22,] 36911.551
[23,] 37759.718
[24,] 12806.607
[25,] 23623.141
[26,] 47371.077
[27,] 24632.468
[28,] 50820.379
[29,] 40155.677
[30,] 30899.729

$resid
    residuals
1  -14270.096
2  -53472.138
3   40503.493
4   14897.349
5    9337.628
6   20163.331
7  -22715.415
8    5885.863
9   -7581.916
10  26725.842
11 -16095.811
12 -13849.867
13 -25284.912
14 -23875.870
15  68010.365
16  13027.599
17   1234.027
18  -1436.758
19  14499.779
20 -10489.483
21   4698.085
22 -27061.898
23  -6359.872
24 -12806.607
25  -3257.888
26 -10531.741
27  -9411.769
28 -50820.379
29 -40155.677
30  -3847.893

**Capital**

$fitted
           [,1]
 [1,]  4963.774
 [2,] 11061.018
 [3,] 10070.002
 [4,] 10556.575
 [5,] 10929.425
 [6,]  9772.518
 [7,]  9606.668
 [8,]  6810.906
 [9,]  5589.348
[10,]  9272.845
[11,] 10206.170
[12,]  9260.351
[13,]  9135.942
[14,]  8867.385
[15,]  9871.447
[16,] 10063.800
[17,]  8136.385
[18,]  7353.040
[19,]  8824.480
[20,]  7448.409
[21,]  2352.097
[22,]  8709.854
[23,]  8818.598
[24,]  5039.303
[25,]  6648.590
[26,] 10262.999
[27,]  6847.365
[28,] 10786.937
[29,]  9123.249
[30,]  7748.102

$resid
    residuals
1   -4963.774
2  -11061.018
3    2818.501
4   -5993.378
5    1382.342
6   -8696.483
7   -4405.998
8   -2793.832
9    9388.065
10  15443.824
11  -1046.951
12  -7026.489
13  -6199.676
14   2955.539
15  15499.739
16   8647.224
17  -1819.732
18  -1982.690
19  12347.024
20  -2140.261
21  -2352.097
22  -6580.024
23  -2195.487
24  -5039.303
25  -3512.136
26  -2237.781
27  -2269.334
28 -10786.937
29  -9123.249
30  -4343.809

**Labour**

$fitted
             [,1]
 [1,]   -6.015417
 [2,] 2473.379095
 [3,] 2644.815772
 [4,] 2899.567956
 [5,] 2858.171795
 [6,] 2721.436204
 [7,] 2749.292061
 [8,] 2011.381342
 [9,] 1577.752249
[10,] 2447.729162
[11,] 2360.015608
[12,] 2897.237989
[13,] 2611.859761
[14,] 2821.962138
[15,] 2534.663835
[16,] 3009.815431
[17,] 2541.160279
[18,] 2307.134975
[19,] 2315.551353
[20,] 2350.984884
[21,]  726.889757
[22,] 2708.023122
[23,] 2629.366188
[24,] 1632.095666
[25,] 1899.165321
[26,] 2949.006368
[27,] 2201.585555
[28,] 3095.537931
[29,] 2392.686424
[30,] 2175.310181

$resid
      residuals
1      6.015417
2  -2473.379095
3   1019.954778
4  -1468.553769
5  -2119.300373
6   -911.370873
7  -1810.766963
8   -456.377913
9  -1215.793627
10  1587.548723
11   662.633925
12   634.729232
13  -641.922574
14  -576.852138
15  3428.023073
16  2948.099732
17   624.964506
18  1225.393032
19  2974.851442
20   106.125116
21  -726.889757
22 -1611.201404
23  1858.043812
24 -1632.095666
25   571.181605
26 -1258.800179
27 -1020.885555
28 -3095.537931
29 -2392.686424
30 -1490.452746

--------2012 END---------

