--------2014---------

**CO2**

$fitted
           [,1]
 [1,]  8540.116
 [2,] 49118.586
 [3,] 42658.418
 [4,] 34144.472
 [5,] 60821.748
 [6,] 35151.485
 [7,] 46909.136
 [8,] 15935.510
 [9,] 16002.731
[10,] 54193.116
[11,] 45647.155
[12,] 42395.843
[13,] 45813.491
[14,] 38075.830
[15,] 50111.811
[16,] 47875.891
[17,] 37194.672
[18,] 39137.128
[19,] 29662.860
[20,] 35456.066
[21,]  2399.269
[22,] 30798.597
[23,] 39374.829
[24,] 39535.216
[25,] 34098.007
[26,] 47308.201
[27,] 32115.490
[28,] 42496.323
[29,] 38946.998
[30,] 38236.144

$resid
    residuals
1   -8540.116
2  -49118.586
3   42471.266
4   43867.531
5    6933.933
6   25253.027
7  -27745.094
8   14892.827
9   -6668.640
10  15271.820
11 -12992.986
12 -12665.349
13 -27826.872
14 -21322.164
15  68192.987
16  10955.013
17  -8235.629
18 -14811.685
19  23320.458
20 -17220.853
21  -2399.269
22 -22550.323
23  -5983.247
24 -39535.216
25 -15068.298
26  -5277.668
27 -14305.684
28 -42496.323
29 -25106.034
30   4264.442

**Capital**

$fitted
            [,1]
 [1,]  3821.2823
 [2,] 17300.7997
 [3,] 12398.4135
 [4,]  5046.6447
 [5,] 15163.1782
 [6,]  7610.7397
 [7,] 11241.2424
 [8,]  -838.6470
 [9,] 17182.9556
[10,] 18133.9533
[11,] 13421.8221
[12,] 10880.2271
[13,] 11822.5771
[14,]  9077.8855
[15,] 17213.6821
[16,] 15558.4074
[17,]  8542.7456
[18,] 10856.8291
[19,]  6556.6609
[20,] 10122.0642
[21,]   655.9659
[22,]  5426.3633
[23,] 11149.7632
[24,] 10811.5239
[25,]  8817.6387
[26,] 12352.0674
[27,]  9089.2304
[28,] 10577.9008
[29,]  7269.2108
[30,] 11217.9444

$resid
     residuals
1   -3821.2823
2  -17300.7997
3    3993.0970
4     789.8309
5     493.8099
6   -4435.2681
7   -4752.0981
8    6194.1974
9   -3097.8490
10  12395.8252
11  -1919.7136
12  -7941.0112
13  -7168.8014
14   3211.9014
15  14926.6112
16   8938.8089
17   -391.9152
18  -3905.9986
19  20867.6764
20  -3840.5228
21   -655.9659
22  -3299.9660
23  -2342.2619
24 -10811.5239
25  -3631.8397
26  -2014.4576
27  -2948.7574
28 -10577.9008
29  -7188.1825
30  -6589.1648

**Labour**

$fitted
           [,1]
 [1,] -311.0840
 [2,] 2377.3219
 [3,] 3129.4161
 [4,] 1775.2717
 [5,] 2346.5498
 [6,] 2135.5705
 [7,] 2666.7659
 [8,]  650.3599
 [9,] 2058.0653
[10,] 2721.6090
[11,] 2411.2291
[12,] 2919.2619
[13,] 2590.0452
[14,] 2844.2783
[15,] 3241.1364
[16,] 3476.4408
[17,] 2121.7999
[18,] 2620.9453
[19,] 1750.9675
[20,] 2944.9682
[21,] 1077.6312
[22,] 1631.0624
[23,] 3097.4996
[24,] 2420.0501
[25,] 2398.5077
[26,] 3074.1059
[27,] 2779.4324
[28,] 3146.4819
[29,] 1984.5428
[30,] 2728.8699

$resid
    residuals
1    311.0840
2  -2377.3219
3    655.0597
4   -297.3191
5  -1442.0274
6   -603.6060
7  -1674.3324
8    961.2099
9  -1579.4460
10  1256.8161
11   274.1763
12   599.0219
13  -864.8068
14  -669.9129
15  2877.7296
16  2554.1029
17   909.2425
18   858.2847
19  3576.8643
20  -597.2893
21 -1077.6312
22  -624.3274
23  1244.1646
24 -2420.0501
25   189.3462
26 -1416.4417
27 -1549.0623
28 -3146.4819
29 -1960.3717
30 -1934.9362

--------2014 END---------

