--------2016---------

**CO2**

$fitted
           [,1]
 [1,] 12002.981
 [2,] 40290.716
 [3,] 43683.530
 [4,] 45127.459
 [5,] 54920.374
 [6,] 31670.861
 [7,] 46589.322
 [8,] 28250.659
 [9,] 25608.448
[10,] 44727.139
[11,] 42167.038
[12,] 47877.694
[13,] 42948.623
[14,] 44278.994
[15,] 41587.787
[16,] 45525.262
[17,] 40893.824
[18,] 39471.685
[19,] 38235.712
[20,] 35670.736
[21,]  6132.503
[22,] 44505.259
[23,] 31127.214
[24,] 42682.310
[25,] 35615.663
[26,] 47220.658
[27,] 26373.870
[28,] 40016.547
[29,] 50853.590
[30,] 31251.817

$resid
    residuals
1  -12002.981
2  -40290.716
3   40180.762
4   29636.299
5   15249.555
6   30342.886
7  -29694.316
8    3189.704
9  -16621.580
10  29085.359
11  -9973.342
12 -17926.214
13 -28349.197
14 -26224.721
15  93216.281
16  12859.580
17 -12690.961
18 -13688.916
19  16758.206
20 -17564.613
21  -6132.503
22 -37477.524
23  -1603.835
24 -42682.310
25 -19209.131
26  -4719.883
27  -9680.854
28 -40016.547
29 -37146.890
30  15238.998

**Capital**

$fitted
           [,1]
 [1,]  9332.380
 [2,] 19409.198
 [3,] 12898.676
 [4,]  4700.433
 [5,] 18587.463
 [6,]  4298.448
 [7,] 15671.621
 [8,]  1508.256
 [9,] 12014.597
[10,] 22693.770
[11,] 18888.299
[12,] 12807.172
[13,] 18889.716
[14,] 12214.063
[15,] 18224.908
[16,] 15801.105
[17,] 13721.419
[18,] 12251.341
[19,] 13179.650
[20,] 13998.982
[21,]  1898.787
[22,] 11419.712
[23,] 12008.293
[24,] 11701.725
[25,] 10216.754
[26,] 15146.582
[27,]  7918.336
[28,] 14906.305
[29,] 12060.896
[30,] 11836.257

$resid
      residuals
1   -9332.38001
2  -19409.19847
3    6732.25953
4    2178.27654
5     114.38358
6    -556.93332
7   -8159.41686
8    4968.80582
9    5255.19680
10  13390.70655
11  -5250.27340
12  -9072.41913
13 -13526.91354
14   3367.07812
15  20047.39602
16  15156.76247
17  -3467.30951
18  -3723.68609
19  21069.53582
20  -6328.93527
21  -1898.78678
22  -9345.94269
23  -1142.22875
24 -11701.72469
25  -3076.99184
26  -2624.77304
27     35.46602
28 -14906.30474
29 -11952.76619
30  -5477.79490

**Labour**

$fitted
           [,1]
 [1,]  269.5877
 [2,] 2244.9909
 [3,] 2985.6362
 [4,] 1059.4317
 [5,] 2292.9639
 [6,] 1813.7362
 [7,] 2872.0693
 [8,]  598.8013
 [9,]  962.2898
[10,] 2752.6309
[11,] 2759.0282
[12,] 2836.9427
[13,] 3363.3286
[14,] 2936.1062
[15,] 3096.0768
[16,] 3122.2168
[17,] 2745.8193
[18,] 2486.5965
[19,] 2477.6423
[20,] 3389.0810
[21,] 1321.1235
[22,] 2211.1030
[23,] 2938.7609
[24,] 2018.9767
[25,] 2258.5863
[26,] 3016.4325
[27,] 2282.6244
[28,] 3549.3098
[29,] 2277.5374
[30,] 2505.4293

$resid
     residuals
1   -269.58768
2  -2244.99088
3    790.33027
4    456.62938
5  -1381.60221
6   -255.23909
7  -1878.42350
8   1017.40361
9   -515.97221
10  1169.46983
11   -71.74718
12   759.90827
13 -1525.72814
14  -747.12866
15  3014.02501
16  3103.85182
17   198.89150
18   847.15344
19  2913.55088
20 -1008.67572
21 -1321.12351
22 -1257.35089
23  1426.51156
24 -2018.97666
25   368.92796
26 -1374.36591
27 -1027.56561
28 -3549.30982
29 -2254.14849
30 -1584.85954

--------2016 END---------

