--------2015---------

**CO2**

$fitted
           [,1]
 [1,] 30114.932
 [2,] 53969.871
 [3,] 51385.964
 [4,] 36611.336
 [5,] 54746.991
 [6,] 42146.759
 [7,] 45704.320
 [8,] 16163.557
 [9,] 18095.616
[10,] 48500.199
[11,] 59154.889
[12,] 37551.866
[13,] 45971.091
[14,] 37253.707
[15,] 50744.010
[16,] 40967.517
[17,] 33612.026
[18,] 30369.561
[19,] 43606.930
[20,] 32047.320
[21,]  4947.008
[22,] 33518.075
[23,] 33683.491
[24,] 24969.386
[25,] 29874.398
[26,] 46925.737
[27,] 19727.974
[28,] 47685.571
[29,] 50489.042
[30,] 30156.579

$resid
    residuals
1  -30114.932
2  -53969.871
3   32872.700
4   40434.009
5   13917.182
6   17063.646
7  -28250.259
8   14451.935
9   -8753.066
10  21541.811
11 -28404.894
12  -7926.974
13 -30754.684
14 -20336.329
15  74326.361
16  18027.494
17  -5977.789
18  -4937.236
19   8561.104
20 -15143.697
21  -4947.008
22 -26681.909
23  -2730.047
24 -24969.386
25 -14352.146
26  -5095.674
27  -3953.716
28 -47685.571
29 -36333.853
30  13837.751

**Capital**

$fitted
           [,1]
 [1,]  7719.284
 [2,] 15362.447
 [3,] 14954.243
 [4,] 11047.230
 [5,] 15887.167
 [6,] 12690.561
 [7,] 13859.746
 [8,]  5787.669
 [9,]  6207.710
[10,] 14091.906
[11,] 16433.542
[12,] 12079.816
[13,] 13960.937
[14,] 12065.360
[15,] 14680.517
[16,] 12701.923
[17,] 10852.705
[18,] 10021.909
[19,] 12944.187
[20,] 10533.530
[21,]  2602.109
[22,] 10766.579
[23,] 10720.658
[24,]  8405.584
[25,]  9497.738
[26,] 14178.366
[27,]  7013.706
[28,] 14302.955
[29,] 14677.956
[30,]  9449.421

$resid
     residuals
1   -7719.2845
2  -15362.4470
3    2963.8323
4   -4742.3042
5    2024.8076
6  -11648.0449
7   -6821.2360
8     125.9791
9    9387.4122
10  18471.5984
11  -5085.4864
12  -8794.1661
13 -10207.5576
14   3254.6804
15  19839.5841
16  15165.5248
17  -1935.6550
18  -2358.2023
19  17073.9893
20  -3511.9272
21  -2602.1089
22  -9156.5602
23   -908.1065
24  -8405.5840
25  -3807.1469
26  -2875.6292
27   -434.0905
28 -14302.9554
29 -14640.8490
30  -3921.0843

**Labour**

$fitted
           [,1]
 [1,]  202.5817
 [2,] 2624.1816
 [3,] 2794.4946
 [4,] 2146.9460
 [5,] 2987.2945
 [6,] 2574.6263
 [7,] 2966.0071
 [8,] 1402.9657
 [9,] 1393.9705
[10,] 2565.7355
[11,] 2542.1539
[12,] 2996.1906
[13,] 3009.2900
[14,] 3049.4957
[15,] 2659.1878
[16,] 2856.1019
[17,] 2632.5486
[18,] 2517.9017
[19,] 2502.0389
[20,] 2661.4814
[21,]  685.1526
[22,] 2565.2620
[23,] 2480.0854
[24,] 2087.1197
[25,] 2090.8543
[26,] 3015.0334
[27,] 1851.3816
[28,] 2969.6417
[29,] 2714.8753
[30,] 1976.4971

$resid
    residuals
1   -202.5817
2  -2624.1816
3    974.6444
4   -686.5855
5  -2121.8491
6   -851.8512
7  -1976.5059
8    144.0253
9   -930.8792
10  1380.7218
11   438.5392
12   550.2460
13  -944.7484
14  -770.5612
15  3393.3217
16  3424.5561
17   402.2675
18   903.3412
19  2946.7016
20  -162.8814
21  -685.1526
22 -1482.3017
23  1992.8531
24 -2087.1197
25   527.8218
26 -1379.6562
27  -637.0916
28 -2969.6417
29 -2705.6045
30 -1123.2336

--------2015 END---------

