--------2010---------

**CO2**

$fitted
              [,1]
 [1,] -10119.96545
 [2,]  45915.80055
 [3,]  48989.74788
 [4,]  33797.89303
 [5,]  43243.81087
 [6,]  40128.00691
 [7,]  30301.38025
 [8,]  12721.83348
 [9,]  18502.79932
[10,]  52693.47300
[11,]  50992.24081
[12,]  37982.19617
[13,]  41956.17971
[14,]  42512.17301
[15,]  62938.86125
[16,]  61161.88284
[17,]  29348.67896
[18,]  32707.51512
[19,]  29215.96211
[20,]  34342.47444
[21,]    -11.60945
[22,]  25366.38220
[23,]  41839.51525
[24,]  10617.02116
[25,]  22402.75042
[26,]  41939.17564
[27,]  22144.90345
[28,]   3336.90166
[29,]   2911.05386
[30,]  36828.62186

$resid
      residuals
1   10119.96545
2  -45915.80055
3   27162.26279
4   23301.45357
5    7404.14242
6   17588.00496
7  -11546.94919
8   14876.93966
9  -10424.69854
10   6399.73977
11 -16849.47332
12 -14011.35789
13 -26500.77920
14 -28519.14515
15  40402.84692
16  -2679.14522
17   2218.33857
18  -7278.68972
19  21156.23934
20 -20351.07620
21     11.60945
22 -14589.19593
23 -10895.89576
24 -10617.02116
25  -2417.62692
26 -12325.46682
27  -7327.13030
28  -3336.90166
29  -2911.05386
30 -17303.03184

**Capital**

$fitted
             [,1]
 [1,]  2690.78075
 [2,] 12547.60779
 [3,]  9227.96220
 [4,]  5296.92718
 [5,]  9587.18528
 [6,]  8490.67837
 [7,]  5534.36373
 [8,]  1537.95987
 [9,]  7669.34115
[10,] 12080.36487
[11,] 11701.87188
[12,]  5894.45475
[13,]  8514.97744
[14,]  6894.26397
[15,] 13112.74276
[16,] 10876.34816
[17,]  5143.58789
[18,]  5696.71034
[19,]  6653.66389
[20,]  5675.26149
[21,]   548.84019
[22,]  3825.44725
[23,]  7200.82894
[24,]   562.62113
[25,]  3198.58439
[26,]  7703.13806
[27,]  3500.87761
[28,]   276.03845
[29,]   -68.16063
[30,]  7115.08396

$resid
      residuals
1   -2690.78075
2  -12547.60779
3     381.72749
4   -2036.08280
5   -1356.04138
6   -6692.41274
7   -1611.17103
8    1474.37193
9    5963.08556
10   7337.43368
11  -3420.19130
12  -4237.86515
13  -5716.22528
14    847.78534
15   6704.68784
16   2328.38441
17   -364.23137
18  -1616.26202
19   9947.31398
20  -2429.55592
21   -548.84019
22  -1366.21472
23  -2709.17355
24   -562.62113
25  -1412.58737
26  -1898.67409
27     14.18750
28   -276.03845
29     68.16063
30  -4802.12605

**Labour**

$fitted
           [,1]
 [1,] -757.5177
 [2,] 2188.9939
 [3,] 3584.0276
 [4,] 2379.9173
 [5,] 2289.8009
 [6,] 2694.2893
 [7,] 2153.5392
 [8,] 1283.1050
 [9,]  661.2639
[10,] 3214.3486
[11,] 3201.8099
[12,] 3215.6762
[13,] 3068.3018
[14,] 3436.3366
[15,] 4219.3945
[16,] 4482.6755
[17,] 2469.4638
[18,] 2865.1092
[19,] 1957.0179
[20,] 2995.8872
[21,] 1154.4530
[22,] 1886.4299
[23,] 3358.7562
[24,] 1530.5681
[25,] 2030.0527
[26,] 2968.7203
[27,] 1542.7096
[28,] -846.5280
[29,] -118.8912
[30,] 2751.8814

$resid
    residuals
1    757.5177
2  -2188.9939
3   -101.3856
4  -1049.3737
5  -1572.6814
6  -1317.9898
7  -1207.4154
8    223.7723
9   -343.2425
10   824.3193
11  -308.9355
12   168.6696
13 -1407.9746
14 -1227.5363
15  1660.8324
16  1219.9274
17   726.5320
18   741.4820
19  3268.1592
20  -375.0734
21 -1154.4530
22  -742.2906
23  1065.9720
24 -1530.5681
25   347.4750
26 -1230.5367
27  -259.0889
28   846.5280
29   118.8912
30 -2135.7863

--------2010 END---------

