--------2006---------

**CO2**

$fitted
            [,1]
 [1,]  -3576.245
 [2,]  33537.941
 [3,]  37717.673
 [4,]  39235.610
 [5,]  32099.877
 [6,]  17518.827
 [7,]  14175.716
 [8,]  25642.488
 [9,]  15348.055
[10,]  42838.191
[11,]  39773.470
[12,]  19152.276
[13,]  26217.976
[14,]  25789.566
[15,]  43080.791
[16,]  40193.108
[17,]  16096.053
[18,]  14773.820
[19,]  22040.837
[20,]  14290.885
[21,] -13155.261
[22,]  18168.406
[23,]  20464.156
[24,]  21518.184
[25,]  22151.861
[26,]  26916.830
[27,]  21109.793
[28,]  26587.797
[29,]  24473.252
[30,]  25403.368

$resid
     residuals
1    3576.2445
2  -33537.9408
3   22388.7107
4   15598.8765
5    -776.9201
6   19384.0288
7    2393.6790
8   -5650.3293
9  -10602.2333
10   3459.9166
11 -12877.4086
12  -3068.5184
13 -16322.2233
14 -14557.8849
15  31711.7461
16   6100.2468
17   7304.2542
18   6231.5983
19  16050.4817
20  -5174.5452
21  13155.2607
22 -10542.3921
23  -3014.1817
24  -9129.2259
25 -22151.8614
26  -7884.5143
27  -9007.3811
28 -26587.7965
29 -24473.2517
30 -12172.1955

**Capital**

$fitted
            [,1]
 [1,]   367.9366
 [2,]  5948.5401
 [3,]  5255.4765
 [4,]  4005.2224
 [5,]  1856.5632
 [6,]  2552.0119
 [7,]   479.7477
 [8,]  2719.1822
 [9,] 10454.3839
[10,]  7027.3662
[11,]  5980.6866
[12,]  2300.6165
[13,]  3272.3025
[14,]  3329.9353
[15,]  6901.1600
[16,]  6046.7374
[17,]  1772.4559
[18,]  1742.5931
[19,]  4032.1372
[20,]  1440.7455
[21,] -1217.8275
[22,]  2017.7185
[23,]  2318.9715
[24,]  1508.6274
[25,]  2092.8751
[26,]  3951.0416
[27,]  3283.0749
[28,]  3516.7128
[29,]  1763.1145
[30,]  3816.5546

$resid
    residuals
1   -367.9366
2  -5948.5401
3   -146.2260
4  -2459.9673
5   1429.6536
6  -1819.7673
7    972.3292
8  -1193.2984
9  -1463.2032
10  4079.0026
11  -752.1185
12 -1412.2996
13 -1904.6742
14  1497.0187
15  3808.2608
16  -333.2723
17   837.2494
18   341.1655
19  5553.6350
20  -175.2327
21  1217.8275
22  1309.7808
23 -1526.1348
24 -1383.6040
25 -2092.8751
26 -1067.7569
27 -1246.0505
28 -3516.7128
29 -1763.1145
30 -2325.3954

**Labour**

$fitted
           [,1]
 [1,] -250.6657
 [2,] 1778.8252
 [3,] 3179.2582
 [4,] 2672.0706
 [5,] 1999.8031
 [6,] 1142.6800
 [7,]  914.4337
 [8,] 1508.2843
 [9,] 2015.5898
[10,] 3213.3402
[11,] 2755.2536
[12,] 2150.4269
[13,] 1998.3714
[14,] 2362.1129
[15,] 3360.4937
[16,] 3661.5624
[17,] 1655.8366
[18,] 1886.2762
[19,] 1472.3315
[20,] 2013.1573
[21,]  263.5681
[22,] 1548.9458
[23,] 2329.3341
[24,] 2526.3685
[25,] 2505.8614
[26,] 2468.1968
[27,] 2589.6476
[28,] 2360.9624
[29,] 1852.2344
[30,] 2553.5172

$resid
     residuals
1    250.66565
2  -1778.82522
3     38.49870
4  -1486.52621
5  -1224.10557
6    -77.78705
7    -21.57620
8   -204.99857
9  -1814.12697
10   781.25086
11  -310.65676
12   909.61751
13  -580.98334
14  -363.83109
15  2112.15409
16  1679.64081
17  1486.98370
18  1522.77740
19  2973.33538
20   488.49487
21  -263.56809
22  -451.89961
23  1522.02219
24 -1641.29420
25 -2505.86135
26  -756.51660
27 -1399.35122
28 -2360.96243
29 -1852.23438
30 -1989.55256

--------2006 END---------

