--------2008---------

**CO2**

$fitted
           [,1]
 [1,] -9402.264
 [2,] 38743.994
 [3,] 41185.142
 [4,] 43905.381
 [5,] 30679.220
 [6,] 34069.353
 [7,] 28618.270
 [8,] 34071.384
 [9,] 17675.405
[10,] 42388.308
[11,] 41168.257
[12,] 34095.010
[13,] 40962.986
[14,] 38436.119
[15,] 49260.844
[16,] 51077.566
[17,] 31902.834
[18,] 32286.662
[19,] 34546.826
[20,] 30519.626
[21,] -4924.086
[22,] 30845.289
[23,] 27752.694
[24,] 15218.234
[25,] 18372.202
[26,] 31104.541
[27,]  6087.633
[28,]  7152.063
[29,] 20058.721
[30,] 22883.529

$resid
     residuals
1    9402.2635
2  -38743.9944
3   25305.0275
4   16305.0611
5   13139.7852
6   19604.0782
7  -11656.0776
8   -8011.9791
9   -8866.7536
10   8009.7928
11 -11156.7767
12  -9534.3766
13 -30147.7370
14 -27088.3895
15  40592.0550
16   1607.1552
17  -6222.5322
18  -9292.8778
19   6368.3484
20 -20603.9030
21   5452.5244
22 -21893.1058
23   -748.0055
24   4383.7665
25    436.2561
26  -8286.9838
27   7251.2305
28  -7152.0634
29 -20058.7210
30  -7524.2403

**Capital**

$fitted
            [,1]
 [1,]  3788.2701
 [2,] 11357.9596
 [3,]  7589.3861
 [4,]  6719.3192
 [5,]  5860.8687
 [6,]  8262.4126
 [7,]  5292.5427
 [8,]  6578.6376
 [9,]  9097.8328
[10,]  9454.5917
[11,]  9692.1430
[12,]  4823.5912
[13,]  8118.0268
[14,]  6423.1678
[15,]  9891.6298
[16,]  8085.0159
[17,]  5601.5320
[18,]  5147.1546
[19,]  9013.8160
[20,]  4740.6764
[21,]  1433.7298
[22,]  5396.8695
[23,]  4641.9487
[24,]   413.5752
[25,]  2163.7382
[26,]  5805.9011
[27,]  1342.2709
[28,]  1988.6556
[29,]  2738.9384
[30,]  5417.8891

$resid
     residuals
1   -3788.2701
2  -11357.9596
3    -520.9283
4   -4534.0626
5    -600.7857
6   -7084.8686
7   -2673.6448
8   -4440.9285
9    2881.5721
10   4865.0251
11  -3282.0900
12  -3610.9845
13  -6285.1411
14   -770.1892
15   4652.7416
16    542.4220
17  -2133.8948
18  -2247.7481
19   2999.1967
20  -2934.6858
21  -1415.7647
22  -2962.1136
23  -2157.7155
24   -401.9323
25  -1620.2991
26  -1845.3712
27   1258.5800
28  -1988.6556
29  -2738.9384
30  -3528.7172

**Labour**

$fitted
           [,1]
 [1,] -548.0559
 [2,] 1925.9632
 [3,] 3254.0115
 [4,] 2894.2006
 [5,] 1609.6787
 [6,] 2593.3835
 [7,] 2330.0188
 [8,] 2765.4249
 [9,]  575.4699
[10,] 2818.5153
[11,] 2817.0407
[12,] 3254.4186
[13,] 3610.6354
[14,] 3523.3120
[15,] 3659.2080
[16,] 4092.7975
[17,] 3282.2510
[18,] 3449.3540
[19,] 2744.9460
[20,] 3427.3879
[21,] 1305.2497
[22,] 2164.8555
[23,] 2778.9977
[24,] 1887.4690
[25,] 1901.6349
[26,] 2337.7438
[27,]  301.0352
[28,] -765.0840
[29,]  889.9997
[30,] 1954.6663

$resid
     residuals
1    548.05589
2  -1925.96318
3    110.06147
4  -1646.46515
5   -888.62890
6   -949.38009
7  -1376.23375
8  -1288.67619
9   -265.22058
10  1216.85508
11   -37.48187
12   413.57674
13 -2042.91859
14 -1364.74787
15  2024.35697
16  1420.00442
17   -16.45933
18   149.51082
19  2100.05805
20  -870.02866
21 -1199.10713
22 -1012.54925
23  1693.76449
24  -185.50621
25   521.20447
26  -631.60815
27   940.28351
28   765.08400
29  -889.99975
30 -1353.05129

--------2008 END---------

