--------2011---------

**CO2**

$fitted
           [,1]
 [1,] -1943.000
 [2,] 54755.185
 [3,] 47816.525
 [4,] 39055.696
 [5,] 64548.270
 [6,] 37067.401
 [7,] 38615.498
 [8,] 14668.185
 [9,] 18060.084
[10,] 55394.668
[11,] 50350.115
[12,] 34192.467
[13,] 38783.142
[14,] 34742.482
[15,] 56789.321
[16,] 52583.411
[17,] 28272.535
[18,] 32215.154
[19,] 26200.434
[20,] 33416.816
[21,] -1509.766
[22,] 27332.786
[23,] 40900.703
[24,] 17856.208
[25,] 23713.935
[26,] 43484.847
[27,] 35275.633
[28,] 47207.589
[29,] 30978.181
[30,] 42795.035

$resid
       residuals
1   1.943000e+03
2  -5.475519e+04
3   3.848526e+04
4   2.210064e+04
5  -1.962632e-01
6   2.426750e+04
7  -1.741443e+04
8   1.487839e+04
9  -9.242159e+03
10  1.287417e+04
11 -1.454541e+04
12 -8.006305e+03
13 -2.116610e+04
14 -1.928709e+04
15  5.209200e+04
16  1.180964e+04
17  7.496089e+03
18 -4.003646e+03
19  2.897168e+04
20 -1.610454e+04
21  1.509766e+03
22 -1.543492e+04
23 -9.948674e+03
24 -1.785621e+04
25 -2.264386e+03
26 -1.106212e+04
27 -1.816154e+04
28 -4.720759e+04
29 -3.097818e+04
30 -1.969865e+04

**Capital**

$fitted
           [,1]
 [1,]  4512.790
 [2,] 14277.912
 [3,]  9158.721
 [4,]  6405.075
 [5,] 13573.851
 [6,]  8428.384
 [7,]  7492.517
 [8,]  2726.506
 [9,]  7492.342
[10,] 12702.618
[11,] 11597.934
[12,]  5453.213
[13,]  8332.304
[14,]  5917.059
[15,] 11953.158
[16,]  9237.709
[17,]  5428.850
[18,]  5910.925
[19,]  6519.794
[20,]  5934.114
[21,]  1417.434
[22,]  4671.756
[23,]  7366.803
[24,]  2217.567
[25,]  3754.004
[26,]  8348.813
[27,]  6455.417
[28,]  8754.641
[29,]  5464.285
[30,]  8543.842

$resid
     residuals
1   -4512.7900
2  -14277.9115
3    2100.1869
4   -2479.8258
5   -3772.9237
6   -6251.9931
7   -2924.7651
8     770.3754
9    6594.7084
10   9640.1111
11  -2471.0771
12  -3502.8064
13  -5066.5431
14   2976.5696
15  10765.8668
16   6512.3091
17    202.7279
18  -1106.1865
19  12598.9981
20  -1764.7919
21  -1417.4335
22  -2221.1945
23  -1840.0182
24  -2217.5671
25  -1151.6123
26  -1507.6493
27  -2368.0910
28  -8754.6412
29  -5464.2851
30  -5913.5557

**Labour**

$fitted
            [,1]
 [1,]  -52.06179
 [2,] 2401.74937
 [3,] 3038.41722
 [4,] 2689.92105
 [5,] 3288.93602
 [6,] 2297.98511
 [7,] 2547.35396
 [8,] 1611.33023
 [9,]  847.01702
[10,] 2832.02276
[11,] 2679.53950
[12,] 2581.11059
[13,] 2394.34688
[14,] 2622.67900
[15,] 3179.25568
[16,] 3330.13355
[17,] 2181.03717
[18,] 2410.10862
[19,] 1812.64693
[20,] 2559.12663
[21,] 1010.98865
[22,] 2131.29229
[23,] 2887.34049
[24,] 1979.10396
[25,] 2222.15382
[26,] 2883.54568
[27,] 2777.88589
[28,] 3133.30220
[29,] 2287.29311
[30,] 2908.21360

$resid
     residuals
1     52.06179
2  -2401.74937
3    539.49117
4  -1307.32849
5  -2549.85537
6   -855.47573
7  -1594.56098
8    -71.69329
9   -505.13129
10  1217.88893
11   279.18755
12   895.50522
13  -504.33348
14  -411.21410
15  2778.76934
16  2535.22059
17  1042.03535
18  1230.95910
19  3519.43536
20    82.12914
21 -1010.98865
22  -959.33934
23  1595.51905
24 -1979.10396
25   328.85814
26 -1175.87511
27 -1496.69462
28 -3133.30220
29 -2287.29311
30 -2252.15066

--------2011 END---------

